cycle  INDEX  OPCODE          WIDTH  SDC  SYMPTOM  TRUE  
0      73     store           32     0    0        32    
1      74     store           64     63   1        0     
2      78     br              1      1    0        0     
3      83     call            64     16   48       0     
4      6      store           64     15   49       0     
5      7      store           64     1    0        63    
6      8      store           32     8    24       0     
7      9      store           32     8    24       0     
8      21     store           32     8    24       0     
9      22     store           32     31   1        0     
10     27     br              1      1    0        0     
11     30     store           64     13   51       0     
12     31     store           8      8    0        0     
13     35     store           32     31   1        0     
14     27     br              1      1    0        0     
15     30     store           64     13   51       0     
16     31     store           8      8    0        0     
17     35     store           32     31   1        0     
18     27     br              1      1    0        0     
19     30     store           64     16   48       0     
20     31     store           8      8    0        0     
21     35     store           32     31   1        0     
22     27     br              1      1    0        0     
23     30     store           64     14   50       0     
24     31     store           8      8    0        0     
25     35     store           32     31   1        0     
26     27     br              1      1    0        0     
27     30     store           64     15   49       0     
28     31     store           8      8    0        0     
29     35     store           32     31   1        0     
30     27     br              1      1    0        0     
31     30     store           64     15   49       0     
32     31     store           8      8    0        0     
33     35     store           32     31   1        0     
34     27     br              1      1    0        0     
35     30     store           64     14   50       0     
36     31     store           8      8    0        0     
37     35     store           32     31   1        0     
38     27     br              1      1    0        0     
39     30     store           64     14   50       0     
40     31     store           8      8    0        0     
41     35     store           32     31   1        0     
42     27     br              1      1    0        0     
43     30     store           64     16   48       0     
44     31     store           8      8    0        0     
45     35     store           32     31   1        0     
46     27     br              1      1    0        0     
47     30     store           64     14   50       0     
48     31     store           8      8    0        0     
49     35     store           32     31   1        0     
50     27     br              1      1    0        0     
51     30     store           64     14   50       0     
52     31     store           8      8    0        0     
53     35     store           32     31   1        0     
54     27     br              1      1    0        0     
55     30     store           64     15   49       0     
56     31     store           8      8    0        0     
57     35     store           32     31   1        0     
58     27     br              1      1    0        0     
59     30     store           64     15   49       0     
60     31     store           8      8    0        0     
61     35     store           32     31   1        0     
62     27     br              1      1    0        0     
63     30     store           64     16   48       0     
64     31     store           8      8    0        0     
65     35     store           32     31   1        0     
66     27     br              1      1    0        0     
67     30     store           64     15   49       0     
68     31     store           8      8    0        0     
69     35     store           32     4    1        27    
70     27     br              1      1    0        0     
71     40     store           32     7    25       0     
72     42     br              1      1    0        0     
73     52     store           64     14   50       0     
74     53     store           8      8    0        0     
75     57     br              1      0    0        1     
76     60     br              1      1    0        0     
77     40     store           32     0    0        32    
78     42     br              1      1    0        0     
79     68     store           8      8    0        0     
80     86     call            64     11   53       0     
81     90     store           64     63   1        0     
82     78     br              1      1    0        0     
83     83     call            64     17   47       0     
84     6      store           64     16   48       0     
85     7      store           64     2    0        62    
86     8      store           32     8    24       0     
87     9      store           32     8    24       0     
88     21     store           32     8    24       0     
89     22     store           32     31   1        0     
90     27     br              1      1    0        0     
91     30     store           64     14   50       0     
92     31     store           8      8    0        0     
93     35     store           32     31   1        0     
94     27     br              1      1    0        0     
95     30     store           64     16   48       0     
96     31     store           8      8    0        0     
97     35     store           32     31   1        0     
98     27     br              1      1    0        0     
99     30     store           64     13   51       0     
100    31     store           8      8    0        0     
101    35     store           32     31   1        0     
102    27     br              1      1    0        0     
103    30     store           64     16   48       0     
104    31     store           8      8    0        0     
105    35     store           32     31   1        0     
106    27     br              1      1    0        0     
107    30     store           64     17   47       0     
108    31     store           8      8    0        0     
109    35     store           32     31   1        0     
110    27     br              1      1    0        0     
111    30     store           64     13   51       0     
112    31     store           8      8    0        0     
113    35     store           32     31   1        0     
114    27     br              1      1    0        0     
115    30     store           64     13   51       0     
116    31     store           8      8    0        0     
117    35     store           32     31   1        0     
118    27     br              1      1    0        0     
119    30     store           64     14   50       0     
120    31     store           8      8    0        0     
121    35     store           32     31   1        0     
122    27     br              1      1    0        0     
123    30     store           64     13   51       0     
124    31     store           8      8    0        0     
125    35     store           32     31   1        0     
126    27     br              1      1    0        0     
127    30     store           64     14   50       0     
128    31     store           8      8    0        0     
129    35     store           32     31   1        0     
130    27     br              1      1    0        0     
131    30     store           64     16   48       0     
132    31     store           8      8    0        0     
133    35     store           32     31   1        0     
134    27     br              1      1    0        0     
135    30     store           64     16   48       0     
136    31     store           8      8    0        0     
137    35     store           32     31   1        0     
138    27     br              1      1    0        0     
139    30     store           64     16   48       0     
140    31     store           8      8    0        0     
141    35     store           32     31   1        0     
142    27     br              1      1    0        0     
143    30     store           64     16   48       0     
144    31     store           8      8    0        0     
145    35     store           32     3    1        28    
146    27     br              1      1    0        0     
147    40     store           32     8    24       0     
148    42     br              1      1    0        0     
149    52     store           64     14   50       0     
150    53     store           8      8    0        0     
151    57     br              1      1    0        0     
152    40     store           32     7    25       0     
153    42     br              1      1    0        0     
154    52     store           64     0    48       16    
155    53     store           8      8    0        0     
156    57     br              1      0    0        1     
157    60     br              1      1    0        0     
158    40     store           32     0    0        32    
159    42     br              1      1    0        0     
160    68     store           8      8    0        0     
161    86     call            64     11   53       0     
162    90     store           64     63   1        0     
163    78     br              1      1    0        0     
164    83     call            64     15   49       0     
165    6      store           64     15   49       0     
166    7      store           64     3    0        61    
167    8      store           32     8    24       0     
168    9      store           32     8    24       0     
169    21     store           32     8    24       0     
170    22     store           32     31   1        0     
171    27     br              1      1    0        0     
172    30     store           64     14   50       0     
173    31     store           8      8    0        0     
174    35     store           32     31   1        0     
175    27     br              1      1    0        0     
176    30     store           64     16   48       0     
177    31     store           8      8    0        0     
178    35     store           32     31   1        0     
179    27     br              1      1    0        0     
180    30     store           64     14   50       0     
181    31     store           8      8    0        0     
182    35     store           32     31   1        0     
183    27     br              1      1    0        0     
184    30     store           64     15   49       0     
185    31     store           8      8    0        0     
186    35     store           32     31   1        0     
187    27     br              1      1    0        0     
188    30     store           64     16   48       0     
189    31     store           8      8    0        0     
190    35     store           32     31   1        0     
191    27     br              1      1    0        0     
192    30     store           64     14   50       0     
193    31     store           8      8    0        0     
194    35     store           32     31   1        0     
195    27     br              1      1    0        0     
196    30     store           64     16   48       0     
197    31     store           8      8    0        0     
198    35     store           32     31   1        0     
199    27     br              1      1    0        0     
200    30     store           64     17   47       0     
201    31     store           8      8    0        0     
202    35     store           32     31   1        0     
203    27     br              1      1    0        0     
204    30     store           64     16   48       0     
205    31     store           8      8    0        0     
206    35     store           32     31   1        0     
207    27     br              1      1    0        0     
208    30     store           64     15   49       0     
209    31     store           8      8    0        0     
210    35     store           32     31   1        0     
211    27     br              1      1    0        0     
212    30     store           64     15   49       0     
213    31     store           8      8    0        0     
214    35     store           32     31   1        0     
215    27     br              1      1    0        0     
216    30     store           64     16   48       0     
217    31     store           8      8    0        0     
218    35     store           32     31   1        0     
219    27     br              1      1    0        0     
220    30     store           64     17   47       0     
221    31     store           8      8    0        0     
222    35     store           32     3    1        28    
223    27     br              1      1    0        0     
224    40     store           32     8    24       0     
225    42     br              1      1    0        0     
226    52     store           64     15   49       0     
227    53     store           8      8    0        0     
228    57     br              1      1    0        0     
229    40     store           32     8    24       0     
230    42     br              1      1    0        0     
231    52     store           64     15   49       0     
232    53     store           8      8    0        0     
233    57     br              1      1    0        0     
234    40     store           32     7    25       0     
235    42     br              1      1    0        0     
236    52     store           64     1    47       16    
237    53     store           8      8    0        0     
238    57     br              1      0    0        1     
239    60     br              1      1    0        0     
240    40     store           32     0    0        32    
241    42     br              1      1    0        0     
242    68     store           8      8    0        0     
243    86     call            64     11   53       0     
244    90     store           64     63   1        0     
245    78     br              1      1    0        0     
246    83     call            64     16   48       0     
247    6      store           64     14   50       0     
248    7      store           64     4    0        60    
249    8      store           32     8    24       0     
250    9      store           32     8    24       0     
251    21     store           32     8    24       0     
252    22     store           32     31   1        0     
253    27     br              1      1    0        0     
254    30     store           64     15   49       0     
255    31     store           8      8    0        0     
256    35     store           32     31   1        0     
257    27     br              1      1    0        0     
258    30     store           64     14   50       0     
259    31     store           8      8    0        0     
260    35     store           32     31   1        0     
261    27     br              1      1    0        0     
262    30     store           64     14   50       0     
263    31     store           8      8    0        0     
264    35     store           32     31   1        0     
265    27     br              1      1    0        0     
266    30     store           64     15   49       0     
267    31     store           8      8    0        0     
268    35     store           32     31   1        0     
269    27     br              1      1    0        0     
270    30     store           64     16   48       0     
271    31     store           8      8    0        0     
272    35     store           32     31   1        0     
273    27     br              1      1    0        0     
274    30     store           64     17   47       0     
275    31     store           8      8    0        0     
276    35     store           32     31   1        0     
277    27     br              1      1    0        0     
278    30     store           64     14   50       0     
279    31     store           8      8    0        0     
280    35     store           32     31   1        0     
281    27     br              1      1    0        0     
282    30     store           64     17   47       0     
283    31     store           8      8    0        0     
284    35     store           32     31   1        0     
285    27     br              1      1    0        0     
286    30     store           64     16   48       0     
287    31     store           8      8    0        0     
288    35     store           32     31   1        0     
289    27     br              1      1    0        0     
290    30     store           64     17   47       0     
291    31     store           8      8    0        0     
292    35     store           32     31   1        0     
293    27     br              1      1    0        0     
294    30     store           64     16   48       0     
295    31     store           8      8    0        0     
296    35     store           32     31   1        0     
297    27     br              1      1    0        0     
298    30     store           64     14   50       0     
299    31     store           8      8    0        0     
300    35     store           32     2    1        29    
301    27     br              1      1    0        0     
302    40     store           32     8    24       0     
303    42     br              1      1    0        0     
304    52     store           64     14   50       0     
305    53     store           8      8    0        0     
306    57     br              1      1    0        0     
307    40     store           32     8    24       0     
308    42     br              1      1    0        0     
309    52     store           64     15   49       0     
310    53     store           8      8    0        0     
311    57     br              1      1    0        0     
312    40     store           32     8    24       0     
313    42     br              1      1    0        0     
314    52     store           64     15   49       0     
315    53     store           8      8    0        0     
316    57     br              1      1    0        0     
317    40     store           32     7    25       0     
318    42     br              1      1    0        0     
319    52     store           64     0    48       16    
320    53     store           8      8    0        0     
321    57     br              1      0    0        1     
322    60     br              1      1    0        0     
323    40     store           32     0    0        32    
324    42     br              1      1    0        0     
325    68     store           8      8    0        0     
326    86     call            64     11   53       0     
327    90     store           64     63   1        0     
328    78     br              1      1    0        0     
329    83     call            64     14   50       0     
330    6      store           64     15   49       0     
331    7      store           64     5    0        59    
332    8      store           32     8    24       0     
333    9      store           32     8    24       0     
334    21     store           32     8    24       0     
335    22     store           32     31   1        0     
336    27     br              1      1    0        0     
337    30     store           64     16   48       0     
338    31     store           8      8    0        0     
339    35     store           32     31   1        0     
340    27     br              1      1    0        0     
341    30     store           64     13   51       0     
342    31     store           8      8    0        0     
343    35     store           32     31   1        0     
344    27     br              1      1    0        0     
345    30     store           64     15   49       0     
346    31     store           8      8    0        0     
347    35     store           32     31   1        0     
348    27     br              1      1    0        0     
349    30     store           64     13   51       0     
350    31     store           8      8    0        0     
351    35     store           32     31   1        0     
352    27     br              1      1    0        0     
353    30     store           64     16   48       0     
354    31     store           8      8    0        0     
355    35     store           32     31   1        0     
356    27     br              1      1    0        0     
357    30     store           64     15   49       0     
358    31     store           8      8    0        0     
359    35     store           32     31   1        0     
360    27     br              1      1    0        0     
361    30     store           64     15   49       0     
362    31     store           8      8    0        0     
363    35     store           32     31   1        0     
364    27     br              1      1    0        0     
365    30     store           64     16   48       0     
366    31     store           8      8    0        0     
367    35     store           32     31   1        0     
368    27     br              1      1    0        0     
369    30     store           64     15   49       0     
370    31     store           8      8    0        0     
371    35     store           32     31   1        0     
372    27     br              1      1    0        0     
373    30     store           64     14   50       0     
374    31     store           8      8    0        0     
375    35     store           32     2    1        29    
376    27     br              1      1    0        0     
377    40     store           32     8    24       0     
378    42     br              1      1    0        0     
379    52     store           64     15   49       0     
380    53     store           8      8    0        0     
381    57     br              1      1    0        0     
382    60     br              1      1    0        0     
383    63     store           64     16   48       0     
384    64     store           8      8    0        0     
385    40     store           32     8    24       0     
386    42     br              1      1    0        0     
387    52     store           64     13   51       0     
388    53     store           8      8    0        0     
389    57     br              1      1    0        0     
390    40     store           32     8    24       0     
391    42     br              1      1    0        0     
392    52     store           64     14   50       0     
393    53     store           8      8    0        0     
394    57     br              1      1    0        0     
395    40     store           32     8    24       0     
396    42     br              1      1    0        0     
397    52     store           64     15   49       0     
398    53     store           8      8    0        0     
399    57     br              1      1    0        0     
400    40     store           32     7    25       0     
401    42     br              1      1    0        0     
402    52     store           64     0    49       15    
403    53     store           8      8    0        0     
404    57     br              1      0    0        1     
405    60     br              1      1    0        0     
406    40     store           32     0    0        32    
407    42     br              1      1    0        0     
408    68     store           8      8    0        0     
409    86     call            64     11   53       0     
410    90     store           64     63   1        0     
411    78     br              1      1    0        0     
412    83     call            64     18   46       0     
413    6      store           64     16   48       0     
414    7      store           64     6    0        58    
415    8      store           32     8    24       0     
416    9      store           32     8    24       0     
417    21     store           32     8    24       0     
418    22     store           32     31   1        0     
419    27     br              1      1    0        0     
420    30     store           64     15   49       0     
421    31     store           8      8    0        0     
422    35     store           32     31   1        0     
423    27     br              1      1    0        0     
424    30     store           64     16   48       0     
425    31     store           8      8    0        0     
426    35     store           32     31   1        0     
427    27     br              1      1    0        0     
428    30     store           64     15   49       0     
429    31     store           8      8    0        0     
430    35     store           32     31   1        0     
431    27     br              1      1    0        0     
432    30     store           64     13   51       0     
433    31     store           8      8    0        0     
434    35     store           32     31   1        0     
435    27     br              1      1    0        0     
436    30     store           64     14   50       0     
437    31     store           8      8    0        0     
438    35     store           32     31   1        0     
439    27     br              1      1    0        0     
440    30     store           64     13   51       0     
441    31     store           8      8    0        0     
442    35     store           32     31   1        0     
443    27     br              1      1    0        0     
444    30     store           64     15   49       0     
445    31     store           8      8    0        0     
446    35     store           32     31   1        0     
447    27     br              1      1    0        0     
448    30     store           64     15   49       0     
449    31     store           8      8    0        0     
450    35     store           32     31   1        0     
451    27     br              1      1    0        0     
452    30     store           64     14   50       0     
453    31     store           8      8    0        0     
454    35     store           32     2    1        29    
455    27     br              1      1    0        0     
456    40     store           32     8    24       0     
457    42     br              1      1    0        0     
458    52     store           64     16   48       0     
459    53     store           8      8    0        0     
460    57     br              1      1    0        0     
461    40     store           32     8    24       0     
462    42     br              1      1    0        0     
463    52     store           64     16   48       0     
464    53     store           8      8    0        0     
465    57     br              1      1    0        0     
466    60     br              1      1    0        0     
467    63     store           64     13   51       0     
468    64     store           8      8    0        0     
469    40     store           32     8    24       0     
470    42     br              1      1    0        0     
471    52     store           64     17   47       0     
472    53     store           8      8    0        0     
473    57     br              1      1    0        0     
474    40     store           32     8    24       0     
475    42     br              1      1    0        0     
476    52     store           64     14   50       0     
477    53     store           8      8    0        0     
478    57     br              1      1    0        0     
479    40     store           32     8    24       0     
480    42     br              1      1    0        0     
481    52     store           64     15   49       0     
482    53     store           8      8    0        0     
483    57     br              1      1    0        0     
484    40     store           32     7    25       0     
485    42     br              1      1    0        0     
486    52     store           64     1    49       14    
487    53     store           8      8    0        0     
488    57     br              1      0    0        1     
489    60     br              1      1    0        0     
490    40     store           32     0    0        32    
491    42     br              1      1    0        0     
492    68     store           8      8    0        0     
493    86     call            64     11   53       0     
494    90     store           64     63   1        0     
495    78     br              1      1    0        0     
496    83     call            64     13   51       0     
497    6      store           64     14   50       0     
498    7      store           64     7    0        57    
499    8      store           32     8    24       0     
500    9      store           32     8    24       0     
501    21     store           32     8    24       0     
502    22     store           32     31   1        0     
503    27     br              1      1    0        0     
504    30     store           64     16   48       0     
505    31     store           8      8    0        0     
506    35     store           32     31   1        0     
507    27     br              1      1    0        0     
508    30     store           64     13   51       0     
509    31     store           8      8    0        0     
510    35     store           32     31   1        0     
511    27     br              1      1    0        0     
512    30     store           64     16   48       0     
513    31     store           8      8    0        0     
514    35     store           32     31   1        0     
515    27     br              1      1    0        0     
516    30     store           64     15   49       0     
517    31     store           8      8    0        0     
518    35     store           32     31   1        0     
519    27     br              1      1    0        0     
520    30     store           64     14   50       0     
521    31     store           8      8    0        0     
522    35     store           32     31   1        0     
523    27     br              1      1    0        0     
524    30     store           64     14   50       0     
525    31     store           8      8    0        0     
526    35     store           32     31   1        0     
527    27     br              1      1    0        0     
528    30     store           64     14   50       0     
529    31     store           8      8    0        0     
530    35     store           32     31   1        0     
531    27     br              1      1    0        0     
532    30     store           64     16   48       0     
533    31     store           8      8    0        0     
534    35     store           32     1    1        30    
535    27     br              1      1    0        0     
536    40     store           32     8    24       0     
537    42     br              1      1    0        0     
538    52     store           64     15   49       0     
539    53     store           8      8    0        0     
540    57     br              1      1    0        0     
541    40     store           32     8    24       0     
542    42     br              1      1    0        0     
543    52     store           64     15   49       0     
544    53     store           8      8    0        0     
545    57     br              1      1    0        0     
546    40     store           32     8    24       0     
547    42     br              1      1    0        0     
548    52     store           64     15   49       0     
549    53     store           8      8    0        0     
550    57     br              1      1    0        0     
551    60     br              1      1    0        0     
552    63     store           64     13   51       0     
553    64     store           8      8    0        0     
554    40     store           32     8    24       0     
555    42     br              1      1    0        0     
556    52     store           64     16   48       0     
557    53     store           8      8    0        0     
558    57     br              1      1    0        0     
559    40     store           32     8    24       0     
560    42     br              1      1    0        0     
561    52     store           64     14   50       0     
562    53     store           8      8    0        0     
563    57     br              1      1    0        0     
564    40     store           32     8    24       0     
565    42     br              1      1    0        0     
566    52     store           64     13   51       0     
567    53     store           8      8    0        0     
568    57     br              1      1    0        0     
569    40     store           32     7    25       0     
570    42     br              1      1    0        0     
571    52     store           64     1    49       14    
572    53     store           8      8    0        0     
573    57     br              1      0    0        1     
574    60     br              1      1    0        0     
575    40     store           32     0    0        32    
576    42     br              1      1    0        0     
577    68     store           8      8    0        0     
578    86     call            64     11   53       0     
579    90     store           64     63   1        0     
580    78     br              1      1    0        0     
581    83     call            64     14   50       0     
582    6      store           64     15   49       0     
583    7      store           64     8    0        56    
584    8      store           32     8    24       0     
585    9      store           32     8    24       0     
586    21     store           32     8    24       0     
587    22     store           32     31   1        0     
588    27     br              1      1    0        0     
589    30     store           64     15   49       0     
590    31     store           8      8    0        0     
591    35     store           32     31   1        0     
592    27     br              1      1    0        0     
593    30     store           64     15   49       0     
594    31     store           8      8    0        0     
595    35     store           32     31   1        0     
596    27     br              1      1    0        0     
597    30     store           64     16   48       0     
598    31     store           8      8    0        0     
599    35     store           32     31   1        0     
600    27     br              1      1    0        0     
601    30     store           64     16   48       0     
602    31     store           8      8    0        0     
603    35     store           32     31   1        0     
604    27     br              1      1    0        0     
605    30     store           64     14   50       0     
606    31     store           8      8    0        0     
607    35     store           32     31   1        0     
608    27     br              1      1    0        0     
609    30     store           64     14   50       0     
610    31     store           8      8    0        0     
611    35     store           32     31   1        0     
612    27     br              1      1    0        0     
613    30     store           64     15   49       0     
614    31     store           8      8    0        0     
615    35     store           32     3    1        28    
616    27     br              1      1    0        0     
617    40     store           32     8    24       0     
618    42     br              1      1    0        0     
619    52     store           64     14   50       0     
620    53     store           8      8    0        0     
621    57     br              1      1    0        0     
622    40     store           32     8    24       0     
623    42     br              1      1    0        0     
624    52     store           64     17   47       0     
625    53     store           8      8    0        0     
626    57     br              1      1    0        0     
627    40     store           32     8    24       0     
628    42     br              1      1    0        0     
629    52     store           64     14   50       0     
630    53     store           8      8    0        0     
631    57     br              1      1    0        0     
632    40     store           32     8    24       0     
633    42     br              1      1    0        0     
634    52     store           64     16   48       0     
635    53     store           8      8    0        0     
636    57     br              1      1    0        0     
637    60     br              1      1    0        0     
638    63     store           64     15   49       0     
639    64     store           8      8    0        0     
640    40     store           32     8    24       0     
641    42     br              1      1    0        0     
642    52     store           64     16   48       0     
643    53     store           8      8    0        0     
644    57     br              1      1    0        0     
645    40     store           32     8    24       0     
646    42     br              1      1    0        0     
647    52     store           64     15   49       0     
648    53     store           8      8    0        0     
649    57     br              1      1    0        0     
650    40     store           32     8    24       0     
651    42     br              1      1    0        0     
652    52     store           64     15   49       0     
653    53     store           8      8    0        0     
654    57     br              1      1    0        0     
655    40     store           32     7    25       0     
656    42     br              1      1    0        0     
657    52     store           64     1    50       13    
658    53     store           8      8    0        0     
659    57     br              1      0    0        1     
660    60     br              1      1    0        0     
661    40     store           32     0    0        32    
662    42     br              1      1    0        0     
663    68     store           8      8    0        0     
664    86     call            64     11   53       0     
665    90     store           64     63   1        0     
666    78     br              1      1    0        0     
667    83     call            64     16   48       0     
668    6      store           64     17   47       0     
669    7      store           64     9    0        55    
670    8      store           32     8    24       0     
671    9      store           32     8    24       0     
672    21     store           32     8    24       0     
673    22     store           32     31   1        0     
674    27     br              1      1    0        0     
675    30     store           64     15   49       0     
676    31     store           8      8    0        0     
677    35     store           32     31   1        0     
678    27     br              1      1    0        0     
679    30     store           64     15   49       0     
680    31     store           8      8    0        0     
681    35     store           32     31   1        0     
682    27     br              1      1    0        0     
683    30     store           64     13   51       0     
684    31     store           8      8    0        0     
685    35     store           32     31   1        0     
686    27     br              1      1    0        0     
687    30     store           64     14   50       0     
688    31     store           8      8    0        0     
689    35     store           32     31   1        0     
690    27     br              1      1    0        0     
691    30     store           64     15   49       0     
692    31     store           8      8    0        0     
693    35     store           32     2    1        29    
694    27     br              1      1    0        0     
695    40     store           32     8    24       0     
696    42     br              1      1    0        0     
697    52     store           64     13   51       0     
698    53     store           8      8    0        0     
699    57     br              1      1    0        0     
700    60     br              1      1    0        0     
701    63     store           64     16   48       0     
702    64     store           8      8    0        0     
703    40     store           32     8    24       0     
704    42     br              1      1    0        0     
705    52     store           64     14   50       0     
706    53     store           8      8    0        0     
707    57     br              1      1    0        0     
708    40     store           32     8    24       0     
709    42     br              1      1    0        0     
710    52     store           64     15   49       0     
711    53     store           8      8    0        0     
712    57     br              1      1    0        0     
713    40     store           32     8    24       0     
714    42     br              1      1    0        0     
715    52     store           64     15   49       0     
716    53     store           8      8    0        0     
717    57     br              1      1    0        0     
718    40     store           32     8    24       0     
719    42     br              1      1    0        0     
720    52     store           64     14   50       0     
721    53     store           8      8    0        0     
722    57     br              1      1    0        0     
723    60     br              1      1    0        0     
724    63     store           64     17   47       0     
725    64     store           8      8    0        0     
726    40     store           32     8    24       0     
727    42     br              1      1    0        0     
728    52     store           64     13   51       0     
729    53     store           8      8    0        0     
730    57     br              1      1    0        0     
731    40     store           32     8    24       0     
732    42     br              1      1    0        0     
733    52     store           64     15   49       0     
734    53     store           8      8    0        0     
735    57     br              1      1    0        0     
736    40     store           32     8    24       0     
737    42     br              1      1    0        0     
738    52     store           64     15   49       0     
739    53     store           8      8    0        0     
740    57     br              1      1    0        0     
741    40     store           32     7    25       0     
742    42     br              1      1    0        0     
743    52     store           64     1    48       15    
744    53     store           8      8    0        0     
745    57     br              1      0    0        1     
746    60     br              1      1    0        0     
747    40     store           32     0    0        32    
748    42     br              1      1    0        0     
749    68     store           8      8    0        0     
750    86     call            64     11   53       0     
751    90     store           64     63   1        0     
752    78     br              1      1    0        0     
753    83     call            64     14   50       0     
754    6      store           64     15   49       0     
755    7      store           64     10   0        54    
756    8      store           32     8    24       0     
757    9      store           32     8    24       0     
758    21     store           32     8    24       0     
759    22     store           32     31   1        0     
760    27     br              1      1    0        0     
761    30     store           64     16   48       0     
762    31     store           8      8    0        0     
763    35     store           32     31   1        0     
764    27     br              1      1    0        0     
765    30     store           64     14   50       0     
766    31     store           8      8    0        0     
767    35     store           32     31   1        0     
768    27     br              1      1    0        0     
769    30     store           64     13   51       0     
770    31     store           8      8    0        0     
771    35     store           32     31   1        0     
772    27     br              1      1    0        0     
773    30     store           64     14   50       0     
774    31     store           8      8    0        0     
775    35     store           32     1    1        30    
776    27     br              1      1    0        0     
777    40     store           32     8    24       0     
778    42     br              1      1    0        0     
779    52     store           64     16   48       0     
780    53     store           8      8    0        0     
781    57     br              1      1    0        0     
782    40     store           32     8    24       0     
783    42     br              1      1    0        0     
784    52     store           64     15   49       0     
785    53     store           8      8    0        0     
786    57     br              1      1    0        0     
787    60     br              1      1    0        0     
788    63     store           64     15   49       0     
789    64     store           8      8    0        0     
790    40     store           32     8    24       0     
791    42     br              1      1    0        0     
792    52     store           64     16   48       0     
793    53     store           8      8    0        0     
794    57     br              1      1    0        0     
795    40     store           32     8    24       0     
796    42     br              1      1    0        0     
797    52     store           64     15   49       0     
798    53     store           8      8    0        0     
799    57     br              1      1    0        0     
800    40     store           32     8    24       0     
801    42     br              1      1    0        0     
802    52     store           64     15   49       0     
803    53     store           8      8    0        0     
804    57     br              1      1    0        0     
805    40     store           32     8    24       0     
806    42     br              1      1    0        0     
807    52     store           64     14   50       0     
808    53     store           8      8    0        0     
809    57     br              1      1    0        0     
810    60     br              1      1    0        0     
811    63     store           64     14   50       0     
812    64     store           8      8    0        0     
813    40     store           32     8    24       0     
814    42     br              1      1    0        0     
815    52     store           64     15   49       0     
816    53     store           8      8    0        0     
817    57     br              1      1    0        0     
818    40     store           32     8    24       0     
819    42     br              1      1    0        0     
820    52     store           64     16   48       0     
821    53     store           8      8    0        0     
822    57     br              1      1    0        0     
823    40     store           32     8    24       0     
824    42     br              1      1    0        0     
825    52     store           64     15   49       0     
826    53     store           8      8    0        0     
827    57     br              1      1    0        0     
828    40     store           32     7    25       0     
829    42     br              1      1    0        0     
830    52     store           64     1    48       15    
831    53     store           8      8    0        0     
832    57     br              1      0    0        1     
833    60     br              1      1    0        0     
834    40     store           32     0    0        32    
835    42     br              1      1    0        0     
836    68     store           8      8    0        0     
837    86     call            64     11   53       0     
838    90     store           64     63   1        0     
839    78     br              1      1    0        0     
840    83     call            64     14   50       0     
841    6      store           64     16   48       0     
842    7      store           64     11   0        53    
843    8      store           32     8    24       0     
844    9      store           32     8    24       0     
845    21     store           32     8    24       0     
846    22     store           32     31   1        0     
847    27     br              1      1    0        0     
848    30     store           64     15   49       0     
849    31     store           8      8    0        0     
850    35     store           32     31   1        0     
851    27     br              1      1    0        0     
852    30     store           64     16   48       0     
853    31     store           8      8    0        0     
854    35     store           32     31   1        0     
855    27     br              1      1    0        0     
856    30     store           64     14   50       0     
857    31     store           8      8    0        0     
858    35     store           32     2    1        29    
859    27     br              1      1    0        0     
860    40     store           32     8    24       0     
861    42     br              1      1    0        0     
862    52     store           64     15   49       0     
863    53     store           8      8    0        0     
864    57     br              1      1    0        0     
865    40     store           32     8    24       0     
866    42     br              1      1    0        0     
867    52     store           64     14   50       0     
868    53     store           8      8    0        0     
869    57     br              1      1    0        0     
870    40     store           32     8    24       0     
871    42     br              1      1    0        0     
872    52     store           64     15   49       0     
873    53     store           8      8    0        0     
874    57     br              1      1    0        0     
875    60     br              1      1    0        0     
876    63     store           64     15   49       0     
877    64     store           8      8    0        0     
878    40     store           32     8    24       0     
879    42     br              1      1    0        0     
880    52     store           64     15   49       0     
881    53     store           8      8    0        0     
882    57     br              1      1    0        0     
883    40     store           32     8    24       0     
884    42     br              1      1    0        0     
885    52     store           64     16   48       0     
886    53     store           8      8    0        0     
887    57     br              1      1    0        0     
888    40     store           32     8    24       0     
889    42     br              1      1    0        0     
890    52     store           64     15   49       0     
891    53     store           8      8    0        0     
892    57     br              1      1    0        0     
893    40     store           32     8    24       0     
894    42     br              1      1    0        0     
895    52     store           64     15   49       0     
896    53     store           8      8    0        0     
897    57     br              1      1    0        0     
898    60     br              1      1    0        0     
899    63     store           64     16   48       0     
900    64     store           8      8    0        0     
901    40     store           32     8    24       0     
902    42     br              1      1    0        0     
903    52     store           64     15   49       0     
904    53     store           8      8    0        0     
905    57     br              1      1    0        0     
906    40     store           32     8    24       0     
907    42     br              1      1    0        0     
908    52     store           64     14   50       0     
909    53     store           8      8    0        0     
910    57     br              1      1    0        0     
911    40     store           32     8    24       0     
912    42     br              1      1    0        0     
913    52     store           64     14   50       0     
914    53     store           8      8    0        0     
915    57     br              1      1    0        0     
916    40     store           32     7    25       0     
917    42     br              1      1    0        0     
918    52     store           64     1    48       15    
919    53     store           8      8    0        0     
920    57     br              1      0    0        1     
921    60     br              1      1    0        0     
922    40     store           32     0    0        32    
923    42     br              1      1    0        0     
924    68     store           8      8    0        0     
925    86     call            64     11   53       0     
926    90     store           64     63   1        0     
927    78     br              1      1    0        0     
928    83     call            64     15   49       0     
929    6      store           64     14   50       0     
930    7      store           64     12   0        52    
931    8      store           32     8    24       0     
932    9      store           32     8    24       0     
933    21     store           32     8    24       0     
934    22     store           32     31   1        0     
935    27     br              1      1    0        0     
936    30     store           64     15   49       0     
937    31     store           8      8    0        0     
938    35     store           32     31   1        0     
939    27     br              1      1    0        0     
940    30     store           64     16   48       0     
941    31     store           8      8    0        0     
942    35     store           32     1    1        30    
943    27     br              1      1    0        0     
944    40     store           32     8    24       0     
945    42     br              1      1    0        0     
946    52     store           64     18   46       0     
947    53     store           8      8    0        0     
948    57     br              1      1    0        0     
949    40     store           32     8    24       0     
950    42     br              1      1    0        0     
951    52     store           64     14   50       0     
952    53     store           8      8    0        0     
953    57     br              1      1    0        0     
954    40     store           32     8    24       0     
955    42     br              1      1    0        0     
956    52     store           64     14   50       0     
957    53     store           8      8    0        0     
958    57     br              1      1    0        0     
959    40     store           32     8    24       0     
960    42     br              1      1    0        0     
961    52     store           64     14   50       0     
962    53     store           8      8    0        0     
963    57     br              1      1    0        0     
964    60     br              1      1    0        0     
965    63     store           64     15   49       0     
966    64     store           8      8    0        0     
967    40     store           32     8    24       0     
968    42     br              1      1    0        0     
969    52     store           64     14   50       0     
970    53     store           8      8    0        0     
971    57     br              1      1    0        0     
972    40     store           32     8    24       0     
973    42     br              1      1    0        0     
974    52     store           64     15   49       0     
975    53     store           8      8    0        0     
976    57     br              1      1    0        0     
977    40     store           32     8    24       0     
978    42     br              1      1    0        0     
979    52     store           64     15   49       0     
980    53     store           8      8    0        0     
981    57     br              1      1    0        0     
982    40     store           32     8    24       0     
983    42     br              1      1    0        0     
984    52     store           64     14   50       0     
985    53     store           8      8    0        0     
986    57     br              1      1    0        0     
987    60     br              1      1    0        0     
988    63     store           64     15   49       0     
989    64     store           8      8    0        0     
990    40     store           32     8    24       0     
991    42     br              1      1    0        0     
992    52     store           64     13   51       0     
993    53     store           8      8    0        0     
994    57     br              1      1    0        0     
995    40     store           32     8    24       0     
996    42     br              1      1    0        0     
997    52     store           64     16   48       0     
998    53     store           8      8    0        0     
999    57     br              1      1    0        0     
1000   40     store           32     8    24       0     
1001   42     br              1      1    0        0     
1002   52     store           64     13   51       0     
1003   53     store           8      8    0        0     
1004   57     br              1      1    0        0     
1005   40     store           32     7    25       0     
1006   42     br              1      1    0        0     
1007   52     store           64     1    46       17    
1008   53     store           8      8    0        0     
1009   57     br              1      0    0        1     
1010   60     br              1      1    0        0     
1011   40     store           32     0    0        32    
1012   42     br              1      1    0        0     
1013   68     store           8      8    0        0     
1014   86     call            64     11   53       0     
1015   90     store           64     63   1        0     
1016   78     br              1      1    0        0     
1017   83     call            64     12   52       0     
1018   6      store           64     15   49       0     
1019   7      store           64     13   0        51    
1020   8      store           32     8    24       0     
1021   9      store           32     6    24       2     
1022   21     store           32     7    24       1     
1023   22     store           32     0    1        31    
1024   27     br              1      1    0        0     
1025   40     store           32     8    24       0     
1026   42     br              1      1    0        0     
1027   52     store           64     15   49       0     
1028   53     store           8      8    0        0     
1029   57     br              1      1    0        0     
1030   60     br              1      1    0        0     
1031   63     store           64     12   52       0     
1032   64     store           8      8    0        0     
1033   40     store           32     8    24       0     
1034   42     br              1      1    0        0     
1035   52     store           64     15   49       0     
1036   53     store           8      8    0        0     
1037   57     br              1      1    0        0     
1038   40     store           32     8    24       0     
1039   42     br              1      1    0        0     
1040   52     store           64     14   50       0     
1041   53     store           8      8    0        0     
1042   57     br              1      1    0        0     
1043   40     store           32     8    24       0     
1044   42     br              1      1    0        0     
1045   52     store           64     15   49       0     
1046   53     store           8      8    0        0     
1047   57     br              1      1    0        0     
1048   40     store           32     8    24       0     
1049   42     br              1      1    0        0     
1050   52     store           64     15   49       0     
1051   53     store           8      8    0        0     
1052   57     br              1      1    0        0     
1053   60     br              1      1    0        0     
1054   63     store           64     17   47       0     
1055   64     store           8      8    0        0     
1056   40     store           32     8    24       0     
1057   42     br              1      1    0        0     
1058   52     store           64     17   47       0     
1059   53     store           8      8    0        0     
1060   57     br              1      1    0        0     
1061   40     store           32     8    24       0     
1062   42     br              1      1    0        0     
1063   52     store           64     16   48       0     
1064   53     store           8      8    0        0     
1065   57     br              1      1    0        0     
1066   40     store           32     8    24       0     
1067   42     br              1      1    0        0     
1068   52     store           64     13   51       0     
1069   53     store           8      8    0        0     
1070   57     br              1      1    0        0     
1071   40     store           32     8    24       0     
1072   42     br              1      1    0        0     
1073   52     store           64     13   51       0     
1074   53     store           8      8    0        0     
1075   57     br              1      1    0        0     
1076   60     br              1      1    0        0     
1077   63     store           64     16   48       0     
1078   64     store           8      8    0        0     
1079   40     store           32     8    24       0     
1080   42     br              1      1    0        0     
1081   52     store           64     13   51       0     
1082   53     store           8      8    0        0     
1083   57     br              1      1    0        0     
1084   40     store           32     8    24       0     
1085   42     br              1      1    0        0     
1086   52     store           64     16   48       0     
1087   53     store           8      8    0        0     
1088   57     br              1      1    0        0     
1089   40     store           32     8    24       0     
1090   42     br              1      1    0        0     
1091   52     store           64     15   49       0     
1092   53     store           8      8    0        0     
1093   57     br              1      1    0        0     
1094   40     store           32     7    25       0     
1095   42     br              1      1    0        0     
1096   52     store           64     1    47       16    
1097   53     store           8      8    0        0     
1098   57     br              1      0    0        1     
1099   60     br              1      1    0        0     
1100   40     store           32     0    0        32    
1101   42     br              1      1    0        0     
1102   68     store           8      8    0        0     
1103   86     call            64     11   53       0     
1104   90     store           64     63   1        0     
1105   78     br              1      1    0        0     
1106   83     call            64     17   47       0     
1107   6      store           64     15   49       0     
1108   7      store           64     14   0        50    
1109   8      store           32     8    24       0     
1110   9      store           32     5    25       2     
1111   21     store           32     0    1        31    
1112   22     store           32     0    1        31    
1113   27     br              1      1    0        0     
1114   40     store           32     8    24       0     
1115   42     br              1      1    0        0     
1116   52     store           64     14   50       0     
1117   53     store           8      8    0        0     
1118   57     br              1      1    0        0     
1119   40     store           32     8    24       0     
1120   42     br              1      1    0        0     
1121   52     store           64     15   49       0     
1122   53     store           8      8    0        0     
1123   57     br              1      1    0        0     
1124   60     br              1      1    0        0     
1125   63     store           64     15   49       0     
1126   64     store           8      8    0        0     
1127   40     store           32     8    24       0     
1128   42     br              1      1    0        0     
1129   52     store           64     13   51       0     
1130   53     store           8      8    0        0     
1131   57     br              1      1    0        0     
1132   40     store           32     8    24       0     
1133   42     br              1      1    0        0     
1134   52     store           64     15   49       0     
1135   53     store           8      8    0        0     
1136   57     br              1      1    0        0     
1137   40     store           32     8    24       0     
1138   42     br              1      1    0        0     
1139   52     store           64     15   49       0     
1140   53     store           8      8    0        0     
1141   57     br              1      1    0        0     
1142   40     store           32     8    24       0     
1143   42     br              1      1    0        0     
1144   52     store           64     15   49       0     
1145   53     store           8      8    0        0     
1146   57     br              1      1    0        0     
1147   60     br              1      1    0        0     
1148   63     store           64     16   48       0     
1149   64     store           8      8    0        0     
1150   40     store           32     8    24       0     
1151   42     br              1      1    0        0     
1152   52     store           64     15   49       0     
1153   53     store           8      8    0        0     
1154   57     br              1      1    0        0     
1155   40     store           32     8    24       0     
1156   42     br              1      1    0        0     
1157   52     store           64     14   50       0     
1158   53     store           8      8    0        0     
1159   57     br              1      1    0        0     
1160   40     store           32     8    24       0     
1161   42     br              1      1    0        0     
1162   52     store           64     16   48       0     
1163   53     store           8      8    0        0     
1164   57     br              1      1    0        0     
1165   40     store           32     8    24       0     
1166   42     br              1      1    0        0     
1167   52     store           64     14   50       0     
1168   53     store           8      8    0        0     
1169   57     br              1      1    0        0     
1170   60     br              1      1    0        0     
1171   63     store           64     14   50       0     
1172   64     store           8      8    0        0     
1173   40     store           32     8    24       0     
1174   42     br              1      1    0        0     
1175   52     store           64     15   49       0     
1176   53     store           8      8    0        0     
1177   57     br              1      1    0        0     
1178   40     store           32     8    24       0     
1179   42     br              1      1    0        0     
1180   52     store           64     15   49       0     
1181   53     store           8      8    0        0     
1182   57     br              1      1    0        0     
1183   40     store           32     8    24       0     
1184   42     br              1      1    0        0     
1185   52     store           64     15   49       0     
1186   53     store           8      8    0        0     
1187   57     br              1      1    0        0     
1188   40     store           32     7    25       0     
1189   42     br              1      1    0        0     
1190   52     store           64     17   47       0     
1191   53     store           8      8    0        0     
1192   57     br              1      0    0        1     
1193   60     br              1      1    0        0     
1194   40     store           32     0    0        32    
1195   42     br              1      1    0        0     
1196   68     store           8      8    0        0     
1197   86     call            64     11   53       0     
1198   90     store           64     63   1        0     
1199   78     br              1      1    0        0     
1200   83     call            64     15   49       0     
1201   6      store           64     15   49       0     
1202   7      store           64     15   0        49    
1203   8      store           32     8    24       0     
1204   9      store           32     4    25       3     
1205   21     store           32     0    1        31    
1206   22     store           32     0    1        31    
1207   27     br              1      1    0        0     
1208   40     store           32     8    24       0     
1209   42     br              1      1    0        0     
1210   52     store           64     16   48       0     
1211   53     store           8      8    0        0     
1212   57     br              1      1    0        0     
1213   40     store           32     8    24       0     
1214   42     br              1      1    0        0     
1215   52     store           64     15   49       0     
1216   53     store           8      8    0        0     
1217   57     br              1      1    0        0     
1218   40     store           32     8    24       0     
1219   42     br              1      1    0        0     
1220   52     store           64     14   50       0     
1221   53     store           8      8    0        0     
1222   57     br              1      1    0        0     
1223   60     br              1      1    0        0     
1224   63     store           64     13   51       0     
1225   64     store           8      8    0        0     
1226   40     store           32     8    24       0     
1227   42     br              1      1    0        0     
1228   52     store           64     14   50       0     
1229   53     store           8      8    0        0     
1230   57     br              1      1    0        0     
1231   40     store           32     8    24       0     
1232   42     br              1      1    0        0     
1233   52     store           64     14   50       0     
1234   53     store           8      8    0        0     
1235   57     br              1      1    0        0     
1236   40     store           32     8    24       0     
1237   42     br              1      1    0        0     
1238   52     store           64     14   50       0     
1239   53     store           8      8    0        0     
1240   57     br              1      1    0        0     
1241   40     store           32     8    24       0     
1242   42     br              1      1    0        0     
1243   52     store           64     14   50       0     
1244   53     store           8      8    0        0     
1245   57     br              1      1    0        0     
1246   60     br              1      1    0        0     
1247   63     store           64     13   51       0     
1248   64     store           8      8    0        0     
1249   40     store           32     8    24       0     
1250   42     br              1      1    0        0     
1251   52     store           64     15   49       0     
1252   53     store           8      8    0        0     
1253   57     br              1      1    0        0     
1254   40     store           32     8    24       0     
1255   42     br              1      1    0        0     
1256   52     store           64     14   50       0     
1257   53     store           8      8    0        0     
1258   57     br              1      1    0        0     
1259   40     store           32     8    24       0     
1260   42     br              1      1    0        0     
1261   52     store           64     16   48       0     
1262   53     store           8      8    0        0     
1263   57     br              1      1    0        0     
1264   40     store           32     8    24       0     
1265   42     br              1      1    0        0     
1266   52     store           64     13   51       0     
1267   53     store           8      8    0        0     
1268   57     br              1      1    0        0     
1269   60     br              1      1    0        0     
1270   63     store           64     16   48       0     
1271   64     store           8      8    0        0     
1272   40     store           32     8    24       0     
1273   42     br              1      1    0        0     
1274   52     store           64     15   49       0     
1275   53     store           8      8    0        0     
1276   57     br              1      1    0        0     
1277   40     store           32     8    24       0     
1278   42     br              1      1    0        0     
1279   52     store           64     17   47       0     
1280   53     store           8      8    0        0     
1281   57     br              1      1    0        0     
1282   40     store           32     8    24       0     
1283   42     br              1      1    0        0     
1284   52     store           64     17   47       0     
1285   53     store           8      8    0        0     
1286   57     br              1      1    0        0     
1287   40     store           32     7    25       0     
1288   42     br              1      1    0        0     
1289   52     store           64     15   49       0     
1290   53     store           8      8    0        0     
1291   57     br              1      0    0        1     
1292   60     br              1      1    0        0     
1293   40     store           32     0    0        32    
1294   42     br              1      1    0        0     
1295   68     store           8      8    0        0     
1296   86     call            64     11   53       0     
1297   90     store           64     63   1        0     
1298   78     br              1      1    0        0     
1299   83     call            64     13   51       0     
1300   6      store           64     15   49       0     
1301   7      store           64     16   0        48    
1302   8      store           32     8    24       0     
1303   9      store           32     4    25       3     
1304   21     store           32     0    1        31    
1305   22     store           32     0    1        31    
1306   27     br              1      1    0        0     
1307   40     store           32     8    24       0     
1308   42     br              1      1    0        0     
1309   52     store           64     15   49       0     
1310   53     store           8      8    0        0     
1311   57     br              1      1    0        0     
1312   40     store           32     8    24       0     
1313   42     br              1      1    0        0     
1314   52     store           64     12   52       0     
1315   53     store           8      8    0        0     
1316   57     br              1      1    0        0     
1317   40     store           32     8    24       0     
1318   42     br              1      1    0        0     
1319   52     store           64     14   50       0     
1320   53     store           8      8    0        0     
1321   57     br              1      1    0        0     
1322   40     store           32     8    24       0     
1323   42     br              1      1    0        0     
1324   52     store           64     14   50       0     
1325   53     store           8      8    0        0     
1326   57     br              1      1    0        0     
1327   60     br              1      1    0        0     
1328   63     store           64     15   49       0     
1329   64     store           8      8    0        0     
1330   40     store           32     8    24       0     
1331   42     br              1      1    0        0     
1332   52     store           64     15   49       0     
1333   53     store           8      8    0        0     
1334   57     br              1      1    0        0     
1335   40     store           32     8    24       0     
1336   42     br              1      1    0        0     
1337   52     store           64     14   50       0     
1338   53     store           8      8    0        0     
1339   57     br              1      1    0        0     
1340   40     store           32     8    24       0     
1341   42     br              1      1    0        0     
1342   52     store           64     14   50       0     
1343   53     store           8      8    0        0     
1344   57     br              1      1    0        0     
1345   40     store           32     8    24       0     
1346   42     br              1      1    0        0     
1347   52     store           64     13   51       0     
1348   53     store           8      8    0        0     
1349   57     br              1      1    0        0     
1350   60     br              1      1    0        0     
1351   63     store           64     13   51       0     
1352   64     store           8      8    0        0     
1353   40     store           32     8    24       0     
1354   42     br              1      1    0        0     
1355   52     store           64     16   48       0     
1356   53     store           8      8    0        0     
1357   57     br              1      1    0        0     
1358   40     store           32     8    24       0     
1359   42     br              1      1    0        0     
1360   52     store           64     15   49       0     
1361   53     store           8      8    0        0     
1362   57     br              1      1    0        0     
1363   40     store           32     8    24       0     
1364   42     br              1      1    0        0     
1365   52     store           64     12   52       0     
1366   53     store           8      8    0        0     
1367   57     br              1      1    0        0     
1368   40     store           32     8    24       0     
1369   42     br              1      1    0        0     
1370   52     store           64     15   49       0     
1371   53     store           8      8    0        0     
1372   57     br              1      1    0        0     
1373   60     br              1      1    0        0     
1374   63     store           64     17   47       0     
1375   64     store           8      8    0        0     
1376   40     store           32     8    24       0     
1377   42     br              1      1    0        0     
1378   52     store           64     16   48       0     
1379   53     store           8      8    0        0     
1380   57     br              1      1    0        0     
1381   40     store           32     8    24       0     
1382   42     br              1      1    0        0     
1383   52     store           64     16   48       0     
1384   53     store           8      8    0        0     
1385   57     br              1      1    0        0     
1386   40     store           32     8    24       0     
1387   42     br              1      1    0        0     
1388   52     store           64     14   50       0     
1389   53     store           8      8    0        0     
1390   57     br              1      1    0        0     
1391   40     store           32     7    25       0     
1392   42     br              1      1    0        0     
1393   52     store           64     14   50       0     
1394   53     store           8      8    0        0     
1395   57     br              1      0    0        1     
1396   60     br              1      1    0        0     
1397   40     store           32     0    0        32    
1398   42     br              1      1    0        0     
1399   68     store           8      8    0        0     
1400   86     call            64     11   53       0     
1401   90     store           64     2    1        61    
1402   78     br              1      1    0        0     
1403   92     ret             32     0    8        24    
